a = [2/7 3/7 6/7];

slns = [
  .975   .700  -.675;
  .485  -.485   .728;
  -.297  .890  -.346;
  .608  -.459  -.119;
];

slns * a'