M = [
  -4 -1  2;
  -3 -2  5;
  -1 -2 -3;
  -4  2 -1
];

M * [1 2 3]'